1 4 -20 8.455 0.141 1 0 0 0 1 0 0 0 1 3024.dat
1 4 0 8 0 1 0 0 0 1 0 0 0 1 3070b.dat
1 4 -20 8 20 1 0 0 0 1 0 0 0 1 3070b.dat
1 4 -10 8 -20 1 0 0 0 1 0 0 0 1 2431.dat
1 4 -40 8 20 0 0 -1 0 1 0 1 0 0 63864.dat
1 4 -20 0 0 0 0 -1 0 1 0 1 0 0 4032a.dat
1 4 -20 -7 0 0 0 -1 0 1 0 1 0 0 4150.dat
1 4 -40 24 -20 1 0 0 0 1 0 0 0 1 2357.dat
1 4 -40 24 30 0 0 -1 0 1 0 1 0 0 3004.dat
1 4 -40 48.279 10 0 0 -1 0 1 0 1 0 0 3010.dat
1 4 -30 16 -10 0 0 -1 0 1 0 1 0 0 3022.dat
1 4 0 16.279 -20 1 0 0 0 1 0 0 0 1 2420.dat
1 4 -40 16 20 1 0 0 0 1 0 0 0 1 2420.dat
1 4 -40 72 -20 1 0 0 0 1 0 0 0 1 2420.dat
1 4 -40 72 30 0 0 1 0 1 0 -1 0 0 3023.dat
1 4 20 8 0 0 0 1 0 1 0 -1 0 0 3070b.dat
1 4 -20 8 40 0 0 1 0 1 0 -1 0 0 3070b.dat
1 4 -10 8 80 1 0 0 0 1 0 0 0 1 2431.dat
1 4 -40 8 60 1 0 0 0 1 0 0 0 1 3070b.dat
1 4 10 8 40 0 0 1 0 1 0 -1 0 0 26603.dat
1 4 -20 8 60 0 0 1 0 1 0 -1 0 0 3024.dat
1 4 -20 0 60 -0.5 0 0.866 0 1 0 -0.866 0 -0.5 4032a.dat
1 4 -20 -8 60 -0.5 0 0.866 0 1 0 -0.866 0 -0.5 4150.dat
1 4 40 -8 60 0.259 0 0.966 0 1 0 -0.966 0 0.259 4150.dat
1 4 40 8 60 0 0 1 0 1 0 -1 0 0 3024.dat
1 4 40 0 60 0.259 0 0.966 0 1 0 -0.966 0 0.259 4032a.dat
1 4 40 -8 0 0.259 0 -0.966 0 1 0 0.966 0 0.259 4150.dat
1 4 40 8 0 0 0 1 0 1 0 -1 0 0 3024.dat
1 4 40 0 0 0.259 0 -0.966 0 1 0 0.966 0 0.259 4032a.dat
1 4 100 -8 0 0.707 0 0.707 0 1 0 -0.707 0 0.707 4150.dat
1 4 100 8 0 0 0 1 0 1 0 -1 0 0 3024.dat
1 4 100 0 0 0.707 0 0.707 0 1 0 -0.707 0 0.707 4032a.dat
1 4 100 -8 60 -0.707 0 0.707 0 1 0 -0.707 0 -0.707 4150.dat
1 4 100 8 60 0 0 1 0 1 0 -1 0 0 3024.dat
1 4 100 0 60 -0.707 0 0.707 0 1 0 -0.707 0 -0.707 4032a.dat
1 4 70 8 30 0 0 1 0 1 0 -1 0 0 87079.dat
1 4 40 8 30 0 0 1 0 1 0 -1 0 0 3069b.dat
1 4 60 8 -20 1 0 0 0 1 0 0 0 1 63864.dat
1 4 60 8 80 1 0 0 0 1 0 0 0 1 63864.dat
1 4 120 8 80 -1 0 0 0 1 0 0 0 -1 14719.dat
1 4 120 8 -20 0 0 -1 0 1 0 1 0 0 14719.dat
1 4 110 8 30 0 0 1 0 1 0 -1 0 0 3068b.dat
1 4 -40 24 80 0 0 1 0 1 0 -1 0 0 2357.dat
1 4 -40 48 80 0 0 1 0 1 0 -1 0 0 2357.dat
1 4 90 24 -20 1 0 0 0 1 0 0 0 1 3010.dat
1 4 70 48 -20 1 0 0 0 1 0 0 0 1 3010.dat
1 4 50 24 80 1 0 0 0 1 0 0 0 1 3009.dat
1 4 70 48 80 1 0 0 0 1 0 0 0 1 3009.dat
1 4 120 24 0 1 0 0 0 1 0 0 0 1 3005.dat
1 4 0 48 80 1 0 0 0 1 0 0 0 1 3005.dat
1 4 120 24 50 0 0 -1 0 1 0 1 0 0 3010.dat
1 4 120 48 10 0 0 -1 0 1 0 1 0 0 3010.dat
1 4 120 48 60 1 0 0 0 1 0 0 0 1 3005.dat
1 4 20 72 -20 1 0 0 0 1 0 0 0 1 3623.dat
1 4 90 72 -20 1 0 0 0 1 0 0 0 1 3710.dat
1 4 30 72 80 1 0 0 0 1 0 0 0 1 3460.dat
1 4 -40 72 60 1 0 0 0 1 0 0 0 1 3024.dat
1 4 120 72 0 1 0 0 0 1 0 0 0 1 3024.dat
1 4 120 72 50 0 0 1 0 1 0 -1 0 0 3710.dat
1 4 40 16 0 -1 0 0 0 1 0 0 0 -1 2420.dat
1 4 -20 16 60 -1 0 0 0 1 0 0 0 -1 2420.dat
1 4 50 16 50 -1 0 0 0 1 0 0 0 -1 3032.dat
1 4 90 16 -10 -1 0 0 0 1 0 0 0 -1 u8200.dat
1 4 120 16 50 0 0 -1 0 1 0 1 0 0 3710.dat
1 4 -30 16 80 1 0 0 0 1 0 0 0 1 3023.dat
1 4 10 24 30 0.866 0 -0.5 0 1 0 0.5 0 0.866 18674.dat
1 4 70 24 30 1 0 0 0 1 0 0 0 1 18674.dat
1 4 70 32 30 1 0 0 0 1 0 0 0 1 3941.dat
1 4 10 32 30 0.866 0 -0.5 0 1 0 0.5 0 0.866 3941.dat
1 4 70 56 30 1 0 0 0 1 0 0 0 1 3941.dat
1 4 10 56 30 0.866 0 -0.5 0 1 0 0.5 0 0.866 3941.dat
1 4 0 24 -20 0 0 1 0 1 0 -1 0 0 3005.dat
1 4 20 48 -20 0 0 1 0 1 0 -1 0 0 3005.dat
1 4 30 24 -20 1 0 0 0 1 0 0 0 1 3004.dat
1 4 -10 48 -20 1 0 0 0 1 0 0 0 1 3004.dat
