0 !LDCAD GROUP_NXT [ids=0] [nrs=2]
1 4 -50 23.455 -5.859 1 0 0 0 0.966 -0.259 0 0.259 0.966 3024.dat
0 !LDCAD GROUP_NXT [ids=0] [nrs=3]
1 4 -30 23.455 -5.859 1 0 0 0 0.966 -0.259 0 0.259 0.966 3070b.dat
0 !LDCAD GROUP_NXT [ids=0] [nrs=4]
1 4 -50 18.278 13.46 1 0 0 0 0.966 -0.259 0 0.259 0.966 3070b.dat
0 !LDCAD GROUP_NXT [ids=0] [nrs=5]
1 4 -40 28.631 -25.177 1 0 0 0 0.966 -0.259 0 0.259 0.966 2431.dat
0 !LDCAD GROUP_NXT [ids=0] [nrs=6]
1 4 -70 18.278 13.46 0 0 -1 -0.259 0.966 0 0.966 0.259 0 63864.dat
0 !LDCAD GROUP_NXT [ids=0] [nrs=7]
1 4 -50 15.727 -7.929 0 0 -1 -0.259 0.966 0 0.966 0.259 0 4032a.dat
0 !LDCAD GROUP_NXT [ids=0] [nrs=-1]
1 4 -50 8 -10 0 0 -1 -0.259 0.966 0 0.966 0.259 0 4150.dat
0 !LDCAD GROUP_NXT [ids=0] [nrs=8]
1 4 -30 44.086 -21.036 0 0 -1 -0.259 0.966 0 0.966 0.259 0 3665a.dat
0 !LDCAD GROUP_NXT [ids=0] [nrs=9]
1 4 -50 67.268 -14.825 0 0 -1 -0.259 0.966 0 0.966 0.259 0 3665a.dat
0 !LDCAD GROUP_NXT [ids=0] [nrs=10]
1 4 -70 44.086 -21.036 1 0 0 0 0.966 -0.259 0 0.259 0.966 2357.dat
0 !LDCAD GROUP_NXT [ids=0] [nrs=11]
1 4 -70 31.145 27.26 0 0 -1 -0.259 0.966 0 0.966 0.259 0 3004.dat
0 !LDCAD GROUP_NXT [ids=0] [nrs=12]
1 4 -70 59.504 14.153 0 0 -1 -0.259 0.966 0 0.966 0.259 0 3010.dat
0 !LDCAD GROUP_NXT [ids=0] [nrs=13]
1 4 -60 33.77 -13.448 0 0 -1 -0.259 0.966 0 0.966 0.259 0 3022.dat
0 !LDCAD GROUP_NXT [ids=0] [nrs=14]
1 4 -30 36.359 -23.107 1 0 0 0 0.966 -0.259 0 0.259 0.966 2420.dat
0 !LDCAD GROUP_NXT [ids=0] [nrs=15]
1 4 -70 26.006 15.53 1 0 0 0 0.966 -0.259 0 0.259 0.966 2420.dat
0 !LDCAD GROUP_NXT [ids=0] [nrs=16]
1 4 -70 90.45 -8.613 1 0 0 0 0.966 -0.259 0 0.259 0.966 2420.dat
0 !LDCAD GROUP_NXT [ids=0] [nrs=17]
1 4 -70 77.509 39.683 0 0 1 0.259 0.966 0 -0.966 0.259 0 3023.dat
1 4 20 8 0 0 0 1 0 1 0 -1 0 0 3070b.dat
1 4 -20 8 40 0 0 1 0 1 0 -1 0 0 3070b.dat
1 4 -10 8 80 1 0 0 0 1 0 0 0 1 2431.dat
1 4 -40 8 60 1 0 0 0 1 0 0 0 1 3070b.dat
0 !LDCAD GROUP_DEF [topLevel=true] [LID=0] [GID=2rYZ8qqetHw] [name=Group 1] [center=0 0 0]
1 4 10 8 40 0 0 1 0 1 0 -1 0 0 26603.dat
1 4 -20 8 60 0 0 1 0 1 0 -1 0 0 3024.dat
1 4 -20 0 60 -0.5 0 0.866 0 1 0 -0.866 0 -0.5 4032a.dat
1 4 -20 -8 60 -0.5 0 0.866 0 1 0 -0.866 0 -0.5 4150.dat
1 4 40 -8 60 0.259 0 0.966 0 1 0 -0.966 0 0.259 4150.dat
1 4 40 8 60 0 0 1 0 1 0 -1 0 0 3024.dat
1 4 40 0 60 0.259 0 0.966 0 1 0 -0.966 0 0.259 4032a.dat
1 4 40 -8 0 0.259 0 -0.966 0 1 0 0.966 0 0.259 4150.dat
1 4 40 8 0 0 0 1 0 1 0 -1 0 0 3024.dat
1 4 40 0 0 0.259 0 -0.966 0 1 0 0.966 0 0.259 4032a.dat
1 4 100 -8 0 0.707 0 0.707 0 1 0 -0.707 0 0.707 4150.dat
1 4 100 8 0 0 0 1 0 1 0 -1 0 0 3024.dat
1 4 100 0 0 0.707 0 0.707 0 1 0 -0.707 0 0.707 4032a.dat
1 4 100 -8 60 -0.707 0 0.707 0 1 0 -0.707 0 -0.707 4150.dat
1 4 100 8 60 0 0 1 0 1 0 -1 0 0 3024.dat
1 4 100 0 60 -0.707 0 0.707 0 1 0 -0.707 0 -0.707 4032a.dat
1 4 70 8 30 0 0 1 0 1 0 -1 0 0 87079.dat
1 4 40 8 30 0 0 1 0 1 0 -1 0 0 3069b.dat
1 4 60 8 -20 1 0 0 0 1 0 0 0 1 63864.dat
1 4 60 8 80 1 0 0 0 1 0 0 0 1 63864.dat
1 4 120 8 80 -1 0 0 0 1 0 0 0 -1 14719.dat
1 4 120 8 -20 0 0 -1 0 1 0 1 0 0 14719.dat
1 4 110 8 30 0 0 1 0 1 0 -1 0 0 3068b.dat
1 4 40 24 -20 0 0 1 0 1 0 -1 0 0 3040b.dat
1 4 20 48 -20 0 0 1 0 1 0 -1 0 0 3040b.dat
1 4 -40 24 80 0 0 1 0 1 0 -1 0 0 2357.dat
1 4 -40 48 80 0 0 1 0 1 0 -1 0 0 2357.dat
1 4 90 24 -20 1 0 0 0 1 0 0 0 1 3010.dat
1 4 70 48 -20 1 0 0 0 1 0 0 0 1 3010.dat
1 4 50 24 80 1 0 0 0 1 0 0 0 1 3009.dat
1 4 70 48 80 1 0 0 0 1 0 0 0 1 3009.dat
1 4 120 24 0 1 0 0 0 1 0 0 0 1 3005.dat
1 4 0 48 80 1 0 0 0 1 0 0 0 1 3005.dat
1 4 120 24 50 0 0 -1 0 1 0 1 0 0 3010.dat
1 4 120 48 10 0 0 -1 0 1 0 1 0 0 3010.dat
1 4 120 48 60 1 0 0 0 1 0 0 0 1 3005.dat
1 4 20 72 -20 1 0 0 0 1 0 0 0 1 3623.dat
1 4 90 72 -20 1 0 0 0 1 0 0 0 1 3710.dat
1 4 30 72 80 1 0 0 0 1 0 0 0 1 3460.dat
1 4 -40 72 60 1 0 0 0 1 0 0 0 1 3024.dat
1 4 120 72 0 1 0 0 0 1 0 0 0 1 3024.dat
1 4 120 72 50 0 0 1 0 1 0 -1 0 0 3710.dat
1 4 40 16 0 -1 0 0 0 1 0 0 0 -1 2420.dat
1 4 -20 16 60 -1 0 0 0 1 0 0 0 -1 2420.dat
1 4 50 16 50 -1 0 0 0 1 0 0 0 -1 3032.dat
1 4 90 16 -10 -1 0 0 0 1 0 0 0 -1 u8200.dat
1 4 120 16 50 0 0 -1 0 1 0 1 0 0 3710.dat
1 4 -30 16 80 1 0 0 0 1 0 0 0 1 3023.dat
1 4 10 24 30 0.866 0 -0.5 0 1 0 0.5 0 0.866 18674.dat
1 4 70 24 30 1 0 0 0 1 0 0 0 1 18674.dat
1 4 70 32 30 1 0 0 0 1 0 0 0 1 3941.dat
1 4 10 32 30 0.866 0 -0.5 0 1 0 0.5 0 0.866 3941.dat
1 4 70 56 30 1 0 0 0 1 0 0 0 1 3941.dat
1 4 10 56 30 0.866 0 -0.5 0 1 0 0.5 0 0.866 3941.dat
